   5.776  17.899   5.595
   9.698  18.050   5.442
  11.161  19.924   8.259
  13.961  22.439   8.372
  16.192  19.433   9.021
  14.826  17.172   6.388
  15.353  19.915   3.949
  18.917  20.329   5.337
  19.819  16.546   4.953
  18.235  16.330   1.622
  20.122  19.570   0.643
  23.107  17.671   1.637
  23.089  14.158   0.643
  22.393  15.627  -2.751
  25.313  17.981  -2.329
  27.480  14.958  -1.831
  26.068  12.962  -4.839
  26.945  15.761  -7.257
  27.770  14.928 -10.841
  26.957  11.325 -10.499
  23.333  12.048  -9.875
  22.358  10.826 -13.415
  24.597   7.770 -13.111
  22.745   6.862  -9.994
  19.539   7.588 -11.445
  20.194   5.234 -14.181
  21.208   2.587 -11.723
  18.053   2.999  -9.608
  16.010   2.469 -12.718
  17.908  -0.677 -13.625
  17.385  -2.086 -10.118
  13.649  -1.528 -10.398
  13.248  -3.054 -13.762
  15.154  -5.967 -12.317
  13.501  -6.229  -8.878
   9.991  -5.310  -9.822
   9.555  -6.634 -13.332
   6.008  -5.254 -13.600
   7.377  -1.774 -14.004
   8.967  -2.910 -17.316
   5.495  -2.363 -18.902
   5.923   1.311 -19.219
   9.048   1.049 -21.095
   8.394  -1.264 -23.982
  10.425   1.062 -26.321
  13.396   0.798 -24.206
  16.173  -1.565 -24.294
  16.052  -2.391 -20.555
  19.295  -4.196 -20.705
  22.338  -3.378 -18.666
  24.323  -0.942 -20.708
  21.255   0.593 -22.341
  21.725   4.083 -23.445
  17.972   4.731 -23.246
  17.923   3.888 -19.549
  21.193   5.707 -19.211
  19.713   8.759 -20.583
  16.557   8.238 -18.589
  18.425   8.110 -15.292
  19.675  11.556 -16.350
  16.097  12.796 -16.637
  14.812  11.260 -13.433
  17.919  12.629 -11.637
  17.413  16.095 -12.991
  13.771  16.098 -11.947
  14.868  15.082  -8.541
  17.359  18.021  -8.381
  14.748  20.402  -9.590
  12.654  19.041  -6.666
  15.579  19.630  -4.047
  16.007  23.146  -5.399
  12.365  24.311  -5.154
  11.550  21.738  -2.422
   9.342  24.417  -0.751
   7.468  24.493  -4.113
   7.676  21.148  -5.840
   3.932  21.313  -6.771
   4.455  24.230  -9.330
   7.836  22.930 -10.319
   6.909  19.261 -11.079
   3.761  20.688 -12.528
   4.228  19.178 -15.956
   5.699  15.792 -14.891
   2.532  15.418 -12.742
   0.498  15.763 -15.873
   2.770  13.505 -17.910
   2.892  10.705 -15.405
  -0.720  10.710 -14.110
  -2.648  11.981 -17.146
  -0.819  10.892 -20.099
   1.068   7.870 -18.784
  -1.312   6.663 -16.071
   1.485   5.334 -13.872
   0.367   3.096 -11.102
   1.121   4.994  -7.981
   2.535   1.814  -6.477
   5.306   2.291  -9.016
   6.404   5.408  -7.257
   7.035   3.398  -4.107
   9.233   0.815  -5.869
  11.391   3.392  -7.642
  11.763   5.461  -4.528
  13.066   2.484  -2.808
  15.540   1.701  -5.539
  16.725   5.303  -5.318
  17.443   4.859  -1.532
  19.207   1.435  -2.043
  21.273   3.326  -4.769
  22.113   6.396  -2.460
  22.962   3.930   0.316
  25.012   1.719  -1.923
  26.998   4.775  -2.878
  27.220   7.094   0.113
  27.553   5.157   3.398
  29.095   7.989   5.407
  26.194  10.241   4.470
  23.373   7.700   4.494
  22.656   8.087   8.213
  19.398   6.647   9.688
  18.231  10.242   9.813
  19.154  11.062   6.308
  17.643   7.828   5.181
  14.479   9.097   6.839
  14.704  12.665   5.262
  15.285  11.088   1.907
  12.461   8.687   2.171
  10.124  11.566   3.192
  11.406  13.659   0.437
  10.891  10.935  -2.104
   7.478  10.489  -0.825
   6.676  14.118  -1.473
   7.899  14.029  -4.935
   5.790  10.882  -5.583
   2.711  12.478  -4.015
   3.117  15.421  -6.284
   3.537  13.243  -9.458
   0.339  11.252  -8.589
  -1.758  14.251  -7.452
  -3.748  14.602 -10.556
  -5.206  11.208  -9.540
  -6.042  12.991  -6.230
