  58.722  30.979  18.408
  55.488  29.071  18.996
  54.520  28.106  15.414
  56.562  24.841  15.620
  54.990  24.150  19.007
  51.444  24.697  17.779
  52.287  22.349  14.888
  53.451  19.677  17.283
  50.365  20.074  19.508
  48.056  19.873  16.459
  49.925  16.871  15.067
  49.865  14.967  18.329
  46.166  15.594  18.970
  47.095  11.680  15.311
  45.469  10.538  18.553
  42.048  10.918  16.827
  43.037   8.652  13.931
  43.333  11.561  11.512
  45.593  10.758   8.571
  48.203  13.524   8.897
  50.003  12.793   5.588
  47.087  14.677   3.986
  48.228  17.972   5.567
  48.809  19.299   2.015
  45.015  19.350   1.464
  44.614  22.294   3.839
  45.080  25.889   2.758
  47.792  28.084   4.233
  46.769  28.491   7.893
  49.534  30.808   9.132
  48.022  33.295  11.577
  44.617  31.598  11.706
  42.957  30.883  15.017
  43.216  27.287  16.197
  39.442  26.770  15.964
  42.433  24.942  11.718
  40.562  22.214  13.670
  37.461  22.949  11.542
  39.553  22.634   8.366
  40.853  19.210   9.448
  37.353  18.129  10.490
  35.952  19.050   7.069
  38.573  16.851   5.342
  38.626  14.023   7.875
  35.776  14.019  10.417
  36.370  12.094  13.664
  34.272  10.652  16.467
  34.639  11.212  20.214
  35.745  14.705  21.249
  33.948  17.604  19.594
  35.909  20.167  17.567
  35.868  22.492  20.584
  37.165  19.731  22.893
  39.960  19.139  20.393
  40.688  22.887  20.292
  41.125  23.069  24.043
  43.423  19.904  23.985
  45.658  21.462  21.348
  45.761  24.769  23.266
  46.721  23.106  26.547
  49.472  21.124  24.851
  50.869  24.146  22.979
  51.007  26.062  26.273
  52.937  23.254  28.012
  55.380  23.266  25.118
  55.837  27.046  25.362
  56.479  26.974  29.143
  58.926  24.142  28.657
  61.013  25.685  25.859
  60.574  29.419  26.627
