  25.088  18.000   1.303
  24.107  14.438   0.250
  23.757  12.012   3.186
  26.043   9.408   1.526
  28.732  12.004   1.948
  28.764  11.384   5.690
  29.616   7.687   5.306
  33.203   8.414   6.106
  32.425   9.537   9.692
  31.647   5.907  10.399
  35.374   5.166  10.710
  36.134   6.097  14.326
  39.670   5.995  15.575
  42.037   7.029  18.298
  41.443  10.656  17.451
  37.689  10.529  17.708
  36.429  12.661  20.659
  33.125  11.650  22.136
  30.324  13.166  24.147
  27.475  11.184  25.732
  23.847  12.346  25.572
  21.910  10.940  28.557
  25.269  11.100  30.338
  23.877  11.276  33.896
  21.297   8.462  33.609
  22.145   4.902  34.743
  23.006   3.487  31.293
  24.988   6.540  30.168
  27.034   6.454  33.337
  27.829   2.764  33.222
  28.941   2.685  29.565
  30.820   5.992  29.831
  32.932   4.374  32.615
  33.595   1.399  30.360
  34.392   3.734  27.465
  36.885   5.546  29.703
  38.660   2.413  30.795
  38.783   1.144  27.265
  40.614   4.401  26.367
  37.867   6.046  24.313
  38.231   9.827  24.333
  34.990  10.487  26.217
  35.140  14.288  26.812
  31.862  15.120  28.494
  28.166  14.700  27.925
  24.793  16.301  28.192
  21.576  16.124  30.200
  19.167  19.087  29.750
  18.936  20.972  33.026
  22.209  19.607  34.427
  24.959  21.552  32.712
  27.518  23.141  35.044
  27.956  19.837  36.773
  30.807  17.431  36.407
  30.115  13.715  36.211
  32.769  10.969  36.141
  35.159  13.857  36.397
  33.941  15.256  33.097
  31.832  18.286  32.377
  28.044  18.014  31.826
  26.348  20.505  29.396
  22.714  21.452  28.877
  23.058  21.272  25.085
  24.956  19.278  22.432
  25.950  22.551  20.788
  27.657  23.883  23.927
  29.303  20.491  24.469
  30.641  20.364  20.956
  31.917  23.960  21.125
  33.651  23.376  24.447
  35.216  20.007  23.757
  35.521  19.731  20.062
  33.753  16.336  20.102
  33.301  14.794  16.680
  31.004  12.033  17.909
  28.019  11.672  20.168
  26.587   8.528  21.696
  22.963   8.560  22.797
  21.548   6.607  25.787
  18.472   8.740  26.320
  15.109   6.954  27.117
  12.688   6.370  24.159
  10.304   9.246  24.843
  13.157  11.768  24.360
  15.512   9.896  22.048
  14.297  11.384  18.803
  14.687  14.943  20.197
  18.232  13.924  21.258
  19.147  12.709  17.748
  17.627  15.846  16.200
  19.565  18.022  18.619
  22.793  16.299  17.505
  21.930  16.697  13.826
  21.139  20.437  14.396
  24.584  20.711  16.048
  26.209  19.043  13.049
  27.960  16.401  15.104
  29.861  14.306  12.412
  28.861  10.963  13.967
  25.882  10.118  16.158
  25.518   6.644  17.600
  22.017   6.139  19.064
  22.035   3.126  21.382
  18.483   3.459  22.623
  16.052   0.667  21.932
  12.302   1.287  21.855
  12.061   4.514  19.820
   8.685   4.714  18.048
   8.890   3.937  14.367
   6.986   7.076  13.579
   9.648   9.106  15.447
  12.435   7.454  13.368
  10.637   8.053  10.102
  10.620  11.790  10.958
  14.303  11.654  12.000
  15.337   9.888   8.845
  13.507  12.511   6.811
  15.800  15.239   8.269
  18.795  12.955   8.048
  18.556  12.308   4.327
  18.520  15.977   3.497
  21.763  16.910   5.155
  25.296  15.645   4.751
  27.177  16.648   7.837
  25.858  14.149  10.361
  26.057  10.399  10.037
  23.718   8.406  12.328
  24.221   4.750  13.315
  21.262   3.140  15.012
  18.889   3.338  16.811
  18.747   0.124  18.804
  22.362  -0.795  17.918
  25.394  -1.747  19.984
  27.645   0.949  18.460
  30.967   0.921  16.675
  34.426  -0.154  17.672
  37.924   0.239  16.175
  39.849  -2.319  18.404
  42.473  -0.668  20.563
  41.592   2.858  19.399
  37.978   3.778  19.991
  34.943   2.128  21.531
  31.536   3.798  21.224
  28.805   1.716  22.565
  28.032  -1.316  24.595
  30.062  -4.210  23.238
  32.521  -6.069  25.462
  35.897  -4.640  24.678
  37.976  -7.658  25.590
  36.935 -10.007  22.834
  38.228  -7.633  20.110
  41.676  -7.648  18.552
  42.948  -5.117  16.027
  43.170  -6.893  12.662
  41.854  -7.478   9.197
  38.203  -8.237   9.168
  35.533  -5.545   8.839
  32.242  -6.582  10.450
  28.792  -5.097   9.979
  25.744  -6.518  11.646
  22.033  -5.932  12.279
  22.286  -7.608  15.669
  24.035  -7.137  18.937
  25.238 -10.194  20.754
  25.407 -12.230  17.467
  28.135  -9.800  16.391
  30.126 -10.796  19.488
  30.194 -14.340  18.090
  31.767 -13.140  14.896
  34.302 -10.989  16.772
  35.263 -13.771  19.155
  35.650 -16.288  16.295
  37.896 -13.952  14.204
  39.969 -13.031  17.305
  40.475 -16.766  18.048
  41.787 -17.611  14.595
  44.010 -14.609  14.760
  42.523 -12.492  12.037
  41.224  -9.721  14.284
  38.944  -6.926  13.230
  39.637  -3.642  11.509
  36.259  -2.027  12.413
  33.003  -3.415  13.771
  29.752  -1.591  13.196
  26.390  -2.663  14.641
  23.696  -1.001  12.509
  20.910  -2.111  14.792
  17.721  -4.115  14.675
  15.207  -1.363  13.939
  13.320  -1.020  10.647
  14.213   2.646  10.223
  17.763   3.609  10.951
  20.568   5.835   9.818
  23.074   3.446   8.344
  22.602   0.275   6.312
  24.982  -2.409   5.068
  25.892  -0.631   1.810
  27.030   2.422   3.755
  29.419   0.133   5.671
  30.453  -1.923   2.664
  31.576   1.173   0.924
  33.856   2.115   3.790
  35.108  -1.477   3.983
  35.861  -1.853   0.267
  37.871   1.311   0.316
  39.741   0.603   3.497
  43.248  -0.847   2.904
  43.132  -2.171   6.476
  39.986  -4.175   5.823
  41.039  -7.267   3.854
  37.835  -9.350   4.376
  34.270  -8.614   5.484
  31.716 -10.403   7.567
  28.120  -9.248   7.083
  25.591 -10.427   9.611
  21.943 -10.094   8.768
  18.567 -11.507   9.579
  14.992 -11.728   8.444
  12.961  -8.636   7.514
  13.369  -5.729   5.142
  15.621  -5.844   2.156
  18.846  -4.353   3.413
  20.693  -7.603   2.728
  19.396  -7.806  -0.835
  20.482  -4.172  -1.385
  23.880  -5.079  -0.008
  24.199  -7.939  -2.565
  23.471  -5.490  -5.432
  26.100  -3.032  -4.171
  28.577  -5.926  -4.076
  27.712  -7.105  -7.598
  28.613  -3.667  -8.733
  31.631  -2.904  -6.579
  33.213  -6.096  -5.474
  32.841  -8.221  -8.583
  36.207  -7.449 -10.089
  38.617  -6.002 -10.762
  38.514  -5.278  -7.042
  37.459  -8.221  -4.892
  37.598  -8.636  -1.121
  36.391 -11.872   0.497
  32.944 -11.470   2.066
  31.412 -13.995   4.410
  27.867 -13.755   5.762
  25.442 -15.370   8.201
  21.717 -14.580   8.017
  19.670 -15.221  11.204
  16.044 -16.433  11.204
  15.960 -19.439   8.895
  13.515 -21.041  11.311
  11.638 -17.959  12.380
   7.823 -18.254  12.107
   6.251 -15.667   9.735
   4.299 -12.770  11.148
   6.064 -12.479  14.496
   8.496  -9.758  15.528
  11.551 -11.810  16.563
  12.689  -9.549  19.383
  11.441  -4.503  15.789
  12.623  -5.086  12.234
  12.970  -8.873  12.342
   9.701  -9.968  10.821
   8.666 -11.882   7.743
   5.650  -9.868   6.601
   3.611 -10.427   3.455
   5.912 -13.287   2.588
   8.710 -10.746   2.188
  11.794 -10.735   4.434
  12.615 -14.464   4.621
  16.142 -15.648   5.209
  16.701 -17.867   2.218
  15.948 -15.160  -0.265
  18.690 -13.093   1.385
  21.106 -15.997   1.370
  20.428 -16.572  -2.328
  20.846 -12.973  -3.181
  24.198 -12.721  -1.311
  25.605 -15.874  -2.841
  24.887 -14.536  -6.268
  26.922 -11.427  -5.271
  30.030 -13.474  -4.595
  29.399 -13.813  -0.868
  30.239 -17.104   0.974
  27.311 -17.702   3.234
  28.073 -19.622   6.358
  25.036 -21.763   7.219
  26.264 -22.036  10.810
  26.766 -19.007  13.060
  29.550 -20.918  14.780
  31.682 -21.025  11.603
  32.124 -17.436  10.628
  35.744 -17.278  11.695
  36.783 -20.529  10.081
  34.869 -19.715   6.892
  36.497 -16.368   6.322
  39.794 -17.996   7.285
  39.441 -20.549   4.473
  38.612 -17.755   2.034
  41.849 -16.024   3.029
  43.733 -19.265   2.603
  42.273 -19.962  -0.876
  43.304 -16.452  -2.030
  46.701 -16.992  -0.444
  46.158 -13.986   1.813
  47.207 -15.465   5.096
