   4.720   5.739  -3.281
   6.031   2.167  -3.157
   9.419   1.260  -4.616
   9.570  -2.378  -5.664
  13.228  -3.090  -4.919
  13.038  -6.877  -5.295
  14.860  -7.030  -8.627
  17.165  -4.101  -7.897
  20.616  -4.867  -6.510
  22.169  -1.834  -4.865
  25.671  -1.982  -3.429
  26.300  -1.233   0.243
  27.284   2.342  -0.537
  24.381   2.878  -2.941
  22.076   1.680  -0.153
  23.705   4.122   2.265
  22.949   6.974  -0.123
  19.406   5.809  -0.901
  18.548   5.421   2.792
  19.870   8.899   3.581
  17.715  10.313   0.773
  14.567   8.601   2.048
  15.291   9.681   5.635
  15.645  13.321   4.619
  12.734  13.328   2.156
  10.230  16.047   3.178
   7.201  13.882   2.331
   8.456  10.977   4.431
  10.087   9.011   1.638
   9.054   6.063  -0.507
   8.295   2.611   0.877
  11.008   0.010   0.271
   9.216  -3.119  -0.951
  11.345  -6.274  -1.111
   8.983  -9.232  -1.468
   9.244 -12.370  -3.603
   5.937 -12.138  -5.465
   6.506 -15.482  -7.192
   6.975 -17.640  -4.077
   3.648 -19.387  -3.305
   4.559 -20.583   0.203
   2.740 -19.235   3.258
   4.764 -17.034   5.596
   5.838 -18.951   8.697
   6.180 -15.642  10.505
   5.822 -11.924   9.976
   8.195  -9.909  12.137
   6.830  -6.618  13.406
  10.100  -4.727  13.539
  13.396  -5.387  11.793
  15.791  -4.367  14.539
  18.303  -6.666  16.231
  15.668  -9.231  17.252
  13.606  -9.068  14.083
  16.528  -9.113  11.676
  18.351 -11.965  13.393
  15.171 -13.942  13.921
  14.382 -13.573  10.222
  17.889 -14.605   9.186
  17.707 -17.758  11.280
  14.181 -18.637  10.161
  15.156 -18.244   6.499
  18.329 -20.274   7.119
  16.135 -23.093   8.442
  14.199 -23.080   5.187
  11.179 -21.142   6.407
   9.603 -18.030   4.913
   9.538 -14.668   6.683
   8.556 -11.047   6.201
   9.921  -8.064   8.098
   8.007  -4.796   8.334
   9.780  -1.783   9.836
   8.861   1.902   9.968
  12.485   2.986   9.479
  14.002   2.798   5.943
  16.795   0.545   7.197
  17.172  -2.703   9.117
  19.170  -3.045  12.331
  16.954  -0.999  14.620
  17.991   1.432  17.335
  21.573   0.225  17.825
  22.937   1.681  14.570
  20.654   4.721  14.527
  20.686   6.016  18.107
  21.764   3.328  20.552
  24.846   1.152  20.799
  26.695   2.434  17.725
  26.723   6.136  18.670
  27.308   5.078  22.278
  30.554   3.388  21.206
  31.658   6.333  19.074
  31.176   8.519  22.158
  32.967   6.088  24.474
  35.901   5.907  22.018
  36.096   9.705  22.263
  35.858   9.616  26.062
  38.788   7.189  26.313
  40.964   9.087  23.833
  40.131  12.384  25.532
  41.093  11.126  28.986
  44.424  10.062  27.487
  44.917  13.442  25.820
  44.028  15.355  29.002
  46.261  13.148  31.151
  49.265  13.805  28.931
  48.334  17.347  27.950
  51.376  19.213  26.660
  53.445  16.033  26.732
  54.983  14.235  23.755
  52.693  14.795  20.757
  49.636  15.670  22.851
  48.395  19.275  22.548
  47.551  21.444  25.557
  44.075  20.462  26.774
  44.114  22.814  29.773
  41.432  25.160  28.426
  40.135  22.954  25.630
  36.432  22.190  25.373
  35.573  19.662  22.677
  32.445  20.338  20.670
  29.710  17.862  21.529
  27.686  18.897  18.481
  30.698  18.275  16.230
  30.893  14.676  17.420
  27.132  14.135  17.190
  27.273  15.627  13.696
  30.071  13.207  12.822
  27.783  10.384  13.908
  24.815  11.743  11.958
  27.022  12.090   8.879
  28.204   8.497   8.916
  25.427   6.392  10.436
  23.977   5.564   7.027
  27.073   3.470   6.326
  26.017   0.766   8.800
  22.428   1.155   7.546
  23.550   0.454   4.007
  25.349  -2.711   5.075
  22.256  -3.950   6.879
  19.928  -3.461   3.916
  22.477  -5.061   1.585
  23.416  -7.978   3.828
  19.790  -8.751   4.609
  18.668  -8.781   0.988
  21.638 -10.107  -0.978
  23.328 -12.413   1.524
  20.635 -13.530   3.963
  17.875 -13.674   1.321
  15.352 -11.877   3.492
  12.052 -10.375   2.438
  11.233  -6.982   3.897
   9.110  -3.858   3.672
  10.771  -0.758   5.097
   9.805   2.846   5.845
   6.253   1.753   6.572
   4.578   1.276   9.955
   3.157  -2.212  10.409
  -0.589  -2.352  10.972
  -1.431  -5.589  12.761
  -4.976  -6.754  12.028
  -5.091  -9.956  14.106
  -2.772 -12.790  15.164
  -2.365 -13.984  11.558
  -2.827 -10.838   9.491
  -0.731  -7.717   8.925
  -1.149  -4.692   6.668
   1.942  -3.145   5.084
   2.551  -0.945   2.041
  -1.158  -1.023   1.258
  -1.148  -4.813   1.020
  -2.463  -7.502   3.356
  -0.266 -10.411   4.411
  -1.183 -13.643   6.175
   1.190 -15.717   8.319
   1.188 -18.800  10.534
   2.701 -16.755  13.380
   3.605 -13.212  14.349
   6.865 -12.326  16.092
   6.600  -8.965  17.845
   9.939  -7.157  17.822
   9.175  -3.423  18.086
  11.565  -2.843  20.978
  11.334  -0.052  23.526
  11.269   3.743  23.613
  13.152   6.323  25.740
  12.145   6.616  29.373
  11.050  10.029  30.617
  10.487  11.985  33.831
   7.132  13.189  35.122
   8.371  16.595  36.273
   7.759  20.228  35.277
  13.837   2.162  27.970
  10.099   1.377  27.949
   8.632  -1.556  25.947
   6.479  -0.419  22.996
   3.566  -2.636  23.992
   0.536  -0.338  24.222
  -0.901  -0.571  20.709
  -0.073  -4.233  20.140
  -1.519  -5.186  23.544
  -4.792  -3.422  22.730
  -5.125  -5.049  19.313
  -4.092  -8.580  20.266
  -5.022  -8.698  23.949
  -1.492  -9.390  25.177
  -0.830  -9.943  28.882
   1.649  -7.322  30.100
   3.996  -7.017  33.049
   4.194  -4.142  35.586
   6.653  -2.185  33.428
   4.678  -2.712  30.239
   6.787  -5.628  29.052
   4.967  -8.247  26.986
   4.761 -11.436  29.047
   6.094 -14.616  27.441
   6.769 -18.182  28.514
  10.208 -19.751  28.085
   9.501 -20.413  24.400
   8.958 -16.680  23.815
   5.225 -17.281  23.370
   2.820 -14.528  24.445
  -0.610 -15.101  25.986
  -2.004 -14.966  22.435
  -1.957 -18.038  20.135
   0.788 -18.046  17.497
   2.180 -14.707  18.655
   5.721 -14.452  20.020
   7.528 -11.480  21.593
  11.283 -10.857  21.606
  14.005  -8.291  22.320
  13.458  -5.191  24.461
   9.707  -5.682  24.126
   9.855  -8.503  26.678
  11.929  -6.548  29.170
  15.389  -6.902  30.621
  18.089  -7.652  30.126
  17.941  -5.120  27.309
  21.077  -6.157  25.445
  21.902  -7.080  21.861
  22.699 -10.709  22.707
  19.257 -11.002  24.328
  17.496  -9.339  21.392
  19.265 -11.414  18.733
  19.110 -14.722  20.569
  15.463 -14.344  21.579
  14.672 -13.539  17.962
  16.394 -16.719  16.789
  14.850 -18.938  19.460
  11.370 -17.663  18.596
  12.150 -18.462  14.953
  13.190 -22.016  15.821
   9.969 -22.577  17.772
   7.972 -21.238  14.835
   9.803 -23.764  12.662
   8.789 -26.680  14.883
  11.890 -26.907  17.071
  10.901 -26.693  20.739
  13.605 -24.659  22.452
  13.537 -22.560  25.611
  15.379 -19.335  26.309
  16.055 -17.877  29.723
